precinct_name,biden,trump,jorgensen,blankenship,hawkins,de_la_fuente,w1,w2,w3,w4,w5,w6
Alamo Twp. 1,342,576,15,3,3,0,2,0,0,0,0,0
Alamo Twp. 2,588,915,23,5,5,0,2,0,0,0,0,0
Brady Twp. 1,561,936,23,3,4,0,1,0,0,0,0,0
Brady Twp. 2,416,843,19,3,6,0,1,0,0,0,0,0
Charleston Twp. 1,416,746,20,5,8,2,2,0,0,0,0,0
Climax Twp. 1,459,902,15,3,1,1,2,0,0,0,0,0
Comstock Twp. 1,625,881,28,5,2,2,3,0,0,0,0,0
Comstock Twp. 2,702,696,29,2,8,1,3,0,0,0,0,0
Comstock Twp. 3,569,718,20,2,5,2,2,0,0,0,0,0
Comstock Twp. 4,590,595,20,1,6,2,2,0,0,0,0,0
Comstock Twp. 5,684,538,17,1,1,1,0,0,0,0,0,0
Comstock Twp. 6,487,486,11,2,1,1,0,0,0,0,0,0
Comstock Twp. 7,678,328,29,1,4,1,3,0,0,0,0,0
Cooper Twp. 1,367,459,13,4,1,0,3,0,0,0,0,0
Cooper Twp. 2,482,536,18,2,6,0,3,0,0,0,0,0
Cooper Twp. 3,964,899,35,4,4,2,4,0,0,0,0,0
Cooper Twp. 4,823,1141,27,7,5,0,7,0,0,0,0,0
Cooper Twp. 5,310,165,9,0,3,0,2,0,0,0,0,0
Kalamazoo Twp. 1,148,154,5,1,4,0,1,0,0,0,0,0
Kalamazoo Twp. 2,490,347,16,3,4,2,0,0,0,0,0,0
Kalamazoo Twp. 3,1410,635,30,0,9,0,11,0,0,0,0,0
Kalamazoo Twp. 4,977,278,20,1,6,0,3,0,0,0,0,0
Kalamazoo Twp. 5,760,307,10,2,4,1,0,0,0,0,0,0
Kalamazoo Twp. 6,987,258,22,0,1,0,1,0,0,0,0,0
Kalamazoo Twp. 7,1137,702,24,4,9,1,6,0,0,0,0,0
Kalamazoo Twp. 8,771,336,19,2,9,2,5,0,0,0,0,0
Kalamazoo Twp. 9,572,249,16,3,5,0,1,0,0,0,0,0
Kalamazoo Twp. 10,969,375,13,3,8,1,1,0,0,0,0,0
Oshtemo Twp. 1,518,602,18,3,3,1,1,0,0,0,0,0
Oshtemo Twp. 2,1015,907,31,3,3,2,2,0,0,0,0,0
Oshtemo Twp. 3,886,451,8,1,4,0,5,0,0,0,0,0
Oshtemo Twp. 4,944,412,21,2,3,0,2,0,0,0,0,0
Oshtemo Twp. 5,843,224,15,1,3,3,2,0,0,0,0,0
Oshtemo Twp. 6,829,396,13,2,3,1,1,0,0,0,0,0
Oshtemo Twp. 7,759,422,11,3,4,0,3,0,0,0,0,0
Oshtemo Twp. 8,508,292,13,1,4,0,2,0,0,0,0,0
Oshtemo Twp. 9,1134,673,22,1,3,0,7,0,0,0,0,0
Oshtemo Twp. 10,379,330,8,1,1,1,0,0,0,0,0,0
Pavilion Twp. 1,710,916,18,4,1,3,3,0,0,0,0,0
Pavilion Twp. 2,302,590,12,2,2,0,0,0,0,0,0,0
Pavilion Twp. 3,478,503,21,3,6,0,3,0,0,0,0,0
Prairie Ronde Twp. 1,577,968,23,3,7,0,3,0,0,0,0,0
Richland Twp. 1,946,1078,35,1,5,1,4,0,0,0,0,0
Richland Twp. 2,611,728,20,2,4,0,5,0,0,0,0,0
Richland Twp. 3,969,976,36,2,3,0,5,0,0,0,0,0
Ross Twp. 1,684,982,26,6,4,1,6,0,0,0,0,0
Ross Twp. 2,755,942,15,0,2,1,4,0,0,0,0,0
Schoolcraft Twp. 1,548,730,11,2,1,0,0,0,0,0,0,0
Schoolcraft Twp. 2,373,484,7,1,2,1,1,0,0,0,0,0
Schoolcraft Twp. 3,1027,1107,46,1,2,1,6,0,0,0,0,0
Schoolcraft Twp. 4,391,621,17,2,3,0,1,0,0,0,0,0
Texas Twp. 1,801,986,32,6,4,0,8,0,0,0,0,0
Texas Twp. 2,745,889,12,2,2,0,3,0,0,0,0,0
Texas Twp. 3,793,568,16,5,4,2,0,0,0,0,0,0
Texas Twp. 4,1248,875,28,1,4,1,9,0,0,0,0,0
Texas Twp. 5,1203,892,28,3,3,2,4,0,0,0,0,0
Texas Twp. 6,1006,1021,36,2,1,1,5,0,0,0,0,0
Wakeshma Twp. 1,209,514,6,2,0,1,0,0,0,0,0,0
Galesburg City 1,386,452,9,1,6,1,1,0,0,0,0,0
Kalamazoo City 1,942,178,21,0,5,3,1,0,0,0,0,0
Kalamazoo City 2,822,168,9,0,9,0,7,0,0,0,0,0
Kalamazoo City 3,1038,149,14,0,13,1,4,0,0,0,0,0
Kalamazoo City 4,521,220,11,0,3,0,5,0,0,0,0,0
Kalamazoo City 5,1543,440,38,2,4,1,7,0,0,0,0,0
Kalamazoo City 6,1076,351,23,2,3,1,5,0,0,0,0,0
Kalamazoo City 7,960,128,17,1,8,1,2,0,0,0,0,0
Kalamazoo City 8,828,60,10,2,6,2,3,0,0,0,0,0
Kalamazoo City 9,948,46,5,1,3,2,5,0,0,0,0,0
Kalamazoo City 10,1096,489,27,6,8,0,4,0,0,0,0,0
Kalamazoo City 11,767,115,7,0,6,0,3,0,0,0,0,0
Kalamazoo City 12,1071,416,9,1,6,1,8,0,0,0,0,0
Kalamazoo City 13,512,131,9,4,2,0,1,0,0,0,0,0
Kalamazoo City 14,625,136,5,3,3,2,4,0,0,0,0,0
Kalamazoo City 15,982,258,21,3,11,2,7,0,0,0,0,0
Kalamazoo City 16,1076,380,19,0,5,0,4,0,0,0,0,0
Kalamazoo City 17,898,375,18,1,7,2,1,0,0,0,0,0
Kalamazoo City 18,862,349,20,1,3,1,3,0,0,0,0,0
Kalamazoo City 19,1106,390,29,0,9,1,6,0,0,0,0,0
Kalamazoo City 20,1395,321,17,2,8,2,7,0,0,0,0,0
Kalamazoo City 21,981,210,10,1,4,0,2,0,0,0,0,0
Kalamazoo City 22,1328,282,26,0,10,0,2,0,0,0,0,0
Kalamazoo City 23,581,203,13,3,5,0,0,0,0,0,0,0
Kalamazoo City 24,696,146,13,1,4,1,2,0,0,0,0,0
Kalamazoo City 25,874,339,10,3,4,2,4,0,0,0,0,0
Kalamazoo City 26,1013,391,17,1,11,0,1,0,0,0,0,0
Kalamazoo City 27,598,92,20,2,10,1,2,0,0,0,0,0
Parchment City 1,615,422,22,1,2,1,6,0,0,0,0,0
Portage City 1,720,396,25,0,1,0,2,0,0,0,0,0
Portage City 2,564,377,32,2,7,0,3,0,0,0,0,0
Portage City 3,897,710,20,1,5,0,3,0,0,0,0,0
Portage City 4,644,721,13,1,2,0,3,0,0,0,0,0
Portage City 5,657,552,21,2,2,1,2,0,0,0,0,0
Portage City 6,853,751,25,4,5,1,6,0,0,0,0,0
Portage City 7,523,251,16,2,5,0,2,0,0,0,0,0
Portage City 8,953,583,16,0,4,1,4,0,0,0,0,0
Portage City 9,778,501,23,0,5,2,3,0,0,0,0,0
Portage City 10,843,852,26,1,4,1,5,0,0,0,0,0
Portage City 11,1107,659,21,0,9,1,6,0,0,0,0,0
Portage City 12,1021,752,26,3,3,0,3,0,0,0,0,0
Portage City 13,1306,917,43,4,6,1,2,0,0,0,0,0
Portage City 14,829,536,18,2,4,1,2,0,0,0,0,0
Portage City 15,878,523,24,2,3,2,0,0,0,0,0,0
Portage City 16,1132,761,25,4,6,1,4,0,0,0,0,0
Portage City 17,822,714,17,1,4,3,4,0,0,0,0,0
Portage City 18,889,626,20,0,6,1,4,0,0,0,0,0
Portage City 19,871,484,16,2,4,0,1,0,0,0,0,0
Portage City 20,772,440,17,6,7,1,0,0,0,0,0,0
